421.791000 0.0000000 0.0000000 0.0000000 -0.0000000 -0.0000000 -0.0000000 1.0000000
422.091000 -0.3704852 0.1192410 0.5557840 0.0177177 0.0419891 0.0082307 0.9989271
422.294000 -0.3283510 0.0866034 0.5356077 0.0147169 0.0388957 0.0087190 0.9990969
422.391000 -0.2847915 0.1013454 0.5406151 0.0160206 0.0354182 0.0076156 0.9992152
422.591000 -0.2526400 0.0901543 0.5160356 0.0147317 0.0331279 0.0076862 0.9993130
431.791000 -0.2339132 0.1182371 0.5594786 0.0180637 0.0322657 0.0062115 0.9992968
432.458000 -0.2070769 0.1022915 0.5667043 0.0167576 0.0299479 0.0076059 0.9993821
432.991000 -0.2138115 0.0866634 0.5548049 0.0141126 0.0312881 0.0069432 0.9993867
435.159000 -0.2343711 0.1014798 0.5685565 0.0166761 0.0333851 0.0091929 0.9992612
439.091000 -0.2237072 0.1159195 0.5516067 0.0174588 0.0345643 0.0070235 0.9992253
439.591000 -0.2303522 0.1154842 0.5470919 0.0173354 0.0340001 0.0071183 0.9992461
439.693000 -0.2292333 0.1165611 0.5486609 0.0175167 0.0341852 0.0071539 0.9992364
440.163000 -0.2366478 0.1125611 0.5499713 0.0171117 0.0340424 0.0073042 0.9992472
440.191000 -0.2324959 0.1140595 0.5502208 0.0172351 0.0338180 0.0071186 0.9992540
440.226000 -0.2373267 0.1131454 0.5441386 0.0171212 0.0341874 0.0073050 0.9992421
440.258000 -0.2315954 0.1157617 0.5446343 0.0173382 0.0337228 0.0070554 0.9992560
440.459000 -0.2026675 0.0995631 0.5400520 0.0157790 0.0317730 0.0080720 0.9993380
440.893000 -0.2199159 0.1124053 0.5471699 0.0170924 0.0340451 0.0071267 0.9992487
440.927000 -0.2187363 0.1130162 0.5511807 0.0170744 0.0345110 0.0067406 0.9992357
441.226000 -0.2157171 0.1111965 0.5525803 0.0170413 0.0340271 0.0072914 0.9992490
441.291000 -0.2130976 0.1151787 0.5537540 0.0174147 0.0341884 0.0066814 0.9992414
441.391000 -0.2075910 0.1149743 0.5520487 0.0173454 0.0333083 0.0069862 0.9992702
441.426000 -0.2096485 0.1172970 0.5551927 0.0176819 0.0332033 0.0067186 0.9992696
441.495000 -0.2054956 0.1154798 0.5562328 0.0174695 0.0332256 0.0066120 0.9992733
441.559000 -0.2032925 0.1157495 0.5568651 0.0175120 0.0330853 0.0068292 0.9992757
441.592000 -0.2025108 0.1156103 0.5576360 0.0175595 0.0331704 0.0066768 0.9992731
441.629000 -0.2012864 0.1155974 0.5586188 0.0175614 0.0331564 0.0067472 0.9992731
441.726000 -0.1983398 0.1150560 0.5610723 0.0175750 0.0328838 0.0068869 0.9992809
441.792000 -0.1982157 0.1147281 0.5596859 0.0174960 0.0320845 0.0067705 0.9993091
441.826000 -0.1979119 0.1155256 0.5617303 0.0175989 0.0320571 0.0067831 0.9993081
441.896000 -0.1950966 0.1141813 0.5611202 0.0173734 0.0320878 0.0063848 0.9993137
442.058000 -0.1910808 0.1161346 0.5660632 0.0178114 0.0320577 0.0066482 0.9993052
442.291000 -0.1789540 0.1125085 0.5727877 0.0174640 0.0321962 0.0065142 0.9993078
443.359000 -0.1947673 0.1155465 0.5574664 0.0174167 0.0336994 0.0063354 0.9992602
445.558000 -0.2406394 0.1239413 0.5200656 0.0176557 0.0360745 0.0068364 0.9991698
446.025000 -0.2301769 0.1187500 0.5281437 0.0173094 0.0349702 0.0069149 0.9992145
446.359000 -0.2201979 0.1191473 0.5335379 0.0173804 0.0351178 0.0066771 0.9992098
446.558000 -0.2122548 0.1179666 0.5363856 0.0173619 0.0349105 0.0069478 0.9992155
446.592000 -0.2050791 0.1205990 0.5410367 0.0177879 0.0343949 0.0064740 0.9992290
446.625000 -0.2043604 0.1208415 0.5412651 0.0177241 0.0342082 0.0063572 0.9992374
446.858000 -0.1936929 0.1181536 0.5489183 0.0175915 0.0336038 0.0063433 0.9992603
447.329000 -0.1837186 0.1146659 0.5562193 0.0173977 0.0325907 0.0067371 0.9992946
447.460000 -0.1789237 0.1141115 0.5586087 0.0174462 0.0324199 0.0068879 0.9992983
447.491000 -0.1771943 0.1129612 0.5591120 0.0172088 0.0324102 0.0067427 0.9993038
447.558000 -0.1757004 0.1127601 0.5599666 0.0172391 0.0323966 0.0070292 0.9993017
447.958000 -0.1629398 0.1107595 0.5670986 0.0172638 0.0317372 0.0073214 0.9993203
449.159000 -0.1768936 0.1152031 0.5558934 0.0174505 0.0321927 0.0066640 0.9993072
449.292000 -0.1751729 0.1148182 0.5563068 0.0174231 0.0320894 0.0067494 0.9993104
449.392000 -0.1707803 0.1160664 0.5574759 0.0175236 0.0315388 0.0064810 0.9993279
449.491000 -0.1710131 0.1157717 0.5607004 0.0175811 0.0319523 0.0064993 0.9993137
449.591000 -0.1742472 0.1151394 0.5555634 0.0173923 0.0324857 0.0066463 0.9992988
449.691000 -0.1735929 0.1152106 0.5572517 0.0174703 0.0334581 0.0067178 0.9992648
449.759000 -0.1715286 0.1157784 0.5584905 0.0175540 0.0330563 0.0067085 0.9992768
449.859000 -0.1722330 0.1154164 0.5574570 0.0174958 0.0333837 0.0067826 0.9992664
450.058000 -0.2264682 0.1215535 0.5162057 0.0173370 0.0386549 0.0067976 0.9990791
450.291000 -0.2196897 0.1206019 0.5236607 0.0173855 0.0370675 0.0065848 0.9991398
450.491000 -0.2121877 0.1199701 0.5290837 0.0174290 0.0361904 0.0067860 0.9991699
450.891000 -0.2037475 0.1192560 0.5263810 0.0172787 0.0354246 0.0068766 0.9991993
450.925000 -0.2015450 0.1214875 0.5286568 0.0175543 0.0353047 0.0064855 0.9992014
451.095000 -0.1966076 0.1208169 0.5340847 0.0176206 0.0347900 0.0064207 0.9992187
451.126000 -0.1947427 0.1204336 0.5359555 0.0175830 0.0346706 0.0063047 0.9992242
451.159000 -0.1927091 0.1202209 0.5366154 0.0175896 0.0349260 0.0065500 0.9992136
451.191000 -0.1913157 0.1197020 0.5380240 0.0175859 0.0348786 0.0065844 0.9992151
451.291000 -0.1881748 0.1192871 0.5408798 0.0175876 0.0351051 0.0065274 0.9992076
451.361000 -0.1845492 0.1194645 0.5434455 0.0176227 0.0350628 0.0066545 0.9992076
451.391000 -0.1849183 0.1195566 0.5439332 0.0177117 0.0350048 0.0065897 0.9992085
451.528000 -0.1790488 0.1177514 0.5479136 0.0175649 0.0345231 0.0066095 0.9992277
451.658000 -0.1737613 0.1164035 0.5503320 0.0174588 0.0341673 0.0069177 0.9992397
451.691000 -0.1735408 0.1163575 0.5504978 0.0174544 0.0337909 0.0066168 0.9992546
451.925000 -0.1653403 0.1139738 0.5544069 0.0172816 0.0330538 0.0067969 0.9992810
451.991000 -0.1646089 0.1143692 0.5557166 0.0173655 0.0330851 0.0068778 0.9992780
452.126000 -0.1618049 0.1146267 0.5576549 0.0174089 0.0329130 0.0068225 0.9992833
452.259000 -0.1591355 0.1159473 0.5596750 0.0175985 0.0322308 0.0065470 0.9993041
452.358000 -0.1570395 0.1152887 0.5614288 0.0175388 0.0312500 0.0066876 0.9993353
452.526000 -0.1511091 0.1122959 0.5625122 0.0172285 0.0308923 0.0067103 0.9993517
452.625000 -0.1492746 0.1140587 0.5647463 0.0175048 0.0313378 0.0066298 0.9993336
452.658000 -0.1481564 0.1129164 0.5649722 0.0173286 0.0307068 0.0066315 0.9993562
452.759000 -0.1477467 0.1131266 0.5653599 0.0174116 0.0301974 0.0068249 0.9993690
720.635000 -0.1220367 0.1164495 0.5515633 0.0174152 0.0277883 0.0059888 0.9994442
742.906000 -0.1212969 0.1174841 0.5531784 0.0175720 0.0264865 0.0058065 0.9994779
762.273000 -0.1233437 0.1185464 0.5533026 0.0177125 0.0270662 0.0059272 0.9994591
